00000001, 00, 0000
3366990163
00000001, 00
1b5b313b39356d44657669636520436f6e6e65637465643a2033342e3134352e32332e323238207c20506f72743a203232207c20417263683a2041726d341b5b306d0a
3173139304833201, 00, 0000
0000, 0000
617263682061726d76350a
000000010168
1b5b313b33316d5b1b5b313b33366d33342e3134352e32332e3232381b5b313b33316d5d201b5b313b33316d4a6f696e656420526562697274685265626f726e204173205b1b5b313b33376d41524d341b5b313b33316d5d0a
4d495053201b5b313b33316d69703a33342e3134352e32332e3232380a
3366990168
4255494c4420444f4e47530a
00000001, 07, 756e6b6e6f776e, 0000
07990718, 00, 0000
7b226964223a312c226a736f6e727063223a22322e30222c226d6574686f64223a226c6f67696e222c22706172616d73223a7b226c6f67696e223a2278222c2270617373223a2278222c226167656e74223a22584d5269672f362e31392e3220284c696e75782061726d29206c696275762f312e34342e32206763632f31312e322e31222c22616c676f223a5b22636e2f31222c22636e2f32222c22636e2f72222c22636e2f66617374222c22636e2f68616c66222c22636e2f78616f222c22636e2f72746f222c22636e2f72777a222c22636e2f7a6c73222c22636e2f646f75626c65222c22636e2f636378222c2272782f30222c2272782f776f77222c2272782f617271222c2272782f6772616674222c2272782f736678222c2272782f6b657661222c226172676f6e322f6368756b7761222c226172676f6e322f6368756b77617632222c226172676f6e322f6e696e6a61225d7d7d0a
1b5b306d5b1b5b313b33366d4b616974656e2e1b5b306d5d5b1b5b313b33356d33342e3134352e32332e3232381b5b306d5d1b5b313b33356d3a1b5b306d5b1b5b313b33356d32321b5b306d5d201b5b313b33356d3e1b5b306d205b1b5b313b33356d41726d341b5b306d5d0a
000000010168, 0000
6e616d6520554e4b4e4f574e0d0a
